[
#[101440 + 15019,  37888 + 21583, 9,  20],
#[101440 + 17565,  37888 + 21887, 12, 14],
#[101440 + 18204,  37888 + 21902, 10, 23],
#[101440 + 18317,  37888 + 23531, 18, 17],
#[101440 + 17328,  37888 + 30348, 12, 14],

[142016 + 5785,   37888 + 24992, 20, 15],
[142016 + 6216,   37888 + 23517, 19, 15],
[142016 + 9596,   37888 + 23005, 16, 21],
[142016 + 8733,   37888 + 19077, 18, 17],
[142016 + 7897,   37888 + 16419, 13, 10],
[142016 + 8960,   37888 + 10327, 10, 27],
[142016 + 5788,   37888 + 11662, 13, 27],
[142016 + 5637,   37888 + 12017, 8,  21],
[142016 + 6283,   37888 + 13818, 14, 20],
[142016 + 6350,   37888 + 13878, 11, 9 ],
[142016 + 7899,   37888 + 16419, 10, 10],
[142016 + 3120,   37888 + 19065, 11, 20],
[142016 + 3121,   37888 + 19058, 15, 8 ],
[142016 + 3261,   37888 + 18598, 10, 16],
[142016 + 3038,   37888 + 18084, 18, 11],
[142016 + 3687,   37888 + 17912, 18, 21],
[142016 + 3705,   37888 + 17691, 15, 19],
]